370
374
375
392
394
396
397
398
399
400
401
402
404
405
407
408
409
410
416
418
422
423
424
427
429
430
431
432
433
434
435
436
437
438
439
440
441
442
443
444
445
446
447
448
449
450
452
453
454
455
457
458
459
460
461
462
463
464
465
466
467
469
470
476
480
481
484
485
486
487
488
489
490
491
492
493
495
496
513
514
515
516
517
518
521
522
523
524
534
535
536
537
538
539
540
542
543
549
550
552
553
554
555
556
557
558
559
560
561
562
563
564
565
567
569
570
571
572
574
577
580
581
591
601
602
604
605
608
617
618
625
626
635
652
660
661
664
665
666
667
668
669
670
671
693
698
699
700
701
702
705
708
717
719
723
726
727
728
729
733
734
735
737
743
744
745
746
747
748
749
753
754
755
756
758
759
760
763
769
771
772
777
778
779
780
781
786
787
800
801
802
803
804
805
806
808
809
810
812
824
826
857
870
871
873
874
876
877
879
888
889
890
891
918
927
932
933
934
935
936
943
962
984
985
997
1002
1003
1006
1034
1046
1052
1053
1073
1098
1105
1106
1112
1130
1134
1159
1160
1162
1164
1174
1175
1176
1177
1188
1189
1195
1196
1200
1218
1219
1226
1227
1229
1231
1233
1241
1245
1257
1271
1283
1284
1285
1291
1334
1336
1337
1344
1345
1351
1352
1353
1354
1361
1374
1381
1399
1435
1441
1443
1446
1453
1454
1459
1463
1479
1497
1506
1533
1535
1536
1537
1541
1542
1547
1549
1550
1551
1552
1553
1554
1565
1566
1567
1568
1569
1570
1571
1575
1576
1577
1578
1590
1594
1606
1607
1642
1649
1650
1656
1663
1669
1670
1757
1758
1761
1762
1763
1764
1765
1766
1767
1771
1774
1776
1784
1785
1811
1812
1813
1814
1815
1816
1817
1818
1819
1820
1821
1822
1823
1824
1825
1826
1828
1829
1830
1832
1834
1835
1836
1837
1838
1839
1840
1841
1842
1843
1844
1845
1847
1848
1849
1850
1851
1852
1853
1854
1856
1857
1858
1859
1861
1862
1863
1864
1865
1867
1886
1888
1889
1890
1891
1892
1893
1894
1895
1896
1897
1898
1900
1901
1902
1903
1904
1905
1906
1907
1910
1911
1912
1913
1914
1915
1916
1917
1918
1919
1920
1921
1923
1924
1925
1926
1927
1928
1929
1933
1934
1935
1936
1938
1941
1942
1943
1944
1945
1946
1952
1953
1954
1955
1957
1958
1959
1960
1961
1963
1964
1965
1966
1967
1968
1979
1982
1986
1987
1988
1989
1990
1991
1992
1993
1994
1995
1996
1997
1998
1999
2000
2001
2002
2017
2029
2030
2036
2041
2042
2043
2045
2046
2049
2061
2062
2063
2071
2072
2073
2075
2088
2114
2138
2140
2141
2150
2151
2160
2162
2163
2164
2165
2166
2169
2171
2172
2174
2178
2187
2189
2191
2193
2195
2198
2202
2204
2205
2206
2207
2227
2229
2230
2247
2248
2255
2256
2257
2258
2259
2268
2281
2289
2300
2303
2304
2314
2321
2323
2324
2330
2342
2344
2346
2347
2351
2352
2354
2372
2373
2374
2375
2377
2383
2396
2400
2407
2408
2410
2413
2422
2427
2430
2431
2463
2474
2475
2476
2477
2478
2479
2481
2486
2493
2495
2496
2497
2498
2499
2500
2501
2502
2503
2504
2505
2506
2507
2508
2509
2510
2511
2512
2513
2514
2515
2523
2528
2530
2533
2540
2543
2544
2545
2548
2554
2556
2560
2561
2566
2584
2592
2596
2603
2605
2606
2610
2611
2616
2620
2623
2627
2636
2637
2638
2641
2643
2644
2646
2659
2664
2665
2666
2667
2668
2672
2675
2676
2677
2678
2680
2692
2694
2695
2696
2697
2698
2699
2700
2701
2708
2709
2711
2712
2713
2714
2715
2716
2719
2750
2751
2752
2753
2754
2755
2760
2800
2806
2807
2808
2858
2859
2861
2862
2863
2864
2865
2866
2867
2868
2869
2870
2871
2872
2873
2874
2875
2876
2877
2878
2879
2900
2906
2907
2908
2909
2910
2911
2912
2913
2959
2975
2978
2979
2990
3011
3018
3019
3023
3042
3047
3050
3052
3081
3083
3092
3093
3094
3097
3098
3103
3106
3119
3126
3128
3129
3130
3135
3140
3141
3143
3146
3151
3152
3153
3156
3158
3163
3164
3176
3177
3182
3183
3184
3185
3189
3190
3191
3192
3205
3211
3246
3254
3257
3281
3283
3290
3311
3312
3352
3353
3378
3379
3385
3425
3467
3508
3586
3659
3662
3697
3737
3746
3748
3782
3793
3794
3812
3815
3816
3866
3995
4176
4199
4202
4209
4210
4219
4220
4222
4224
4226
4265
4266
4661
4801
4802
4803
4804
4805
4806
4807
4808
4809
4810
4811
4813
4815
4825
4868
5234
5533
5693
5694
6010
6011
6016
6017
6018
6019
6020
6021
6022
6023
6024
6025
6027
6028
6031
6032
6043
6298
6332
6333
6334
6336
6970
7456
